a;192,757;192,8420;193,758;193,8421;194,1562;194,8417;195,1628;195,8412;196,1561;196,8416;197,1627;197,8411;224,757;224,8420;225,758;225,8421;226,1562;226,8417;227,1628;227,8412;228,1561;228,8416;229,1627;229,8411;256,1630;257,1630;258,1559;258,8414;259,1559;259,8414;260,1626;260,8410;261,1626;261,8410;461,1560;461,8415;462,1560;462,8415;478,1773;479,1773;480,1611;480,8400;481,1611;481,8400;506,1624;507,1624;512,4968;513,4968;514,4966;515,4966;550,756;550,8419;551,756;551,8419;570,1625;570,8409;592,742;593,741;594,740;867,7626;7492,7626;7568,734;7579,740;7635,1853;7680,1854;7681,1854;7834,1370;7834,1855;7834,42607;7840,1866;7841,1866;7842,1555;7842,7021;7843,1555;7843,7021;7844,1617;7844,8407;7845,1617;7845,8407;7846,1618;7846,8406;7847,1618;7847,8406;7848,1963;7849,1963;7850,1768;7851,1768;7852,1809;7852,42620;7853,1809;7853,42620;7854,1615;7854,8404;7855,1615;7855,8404;7856,1614;7856,8403;7857,1614;7857,8403;7858,1960;7859,1960;7860,1620;7861,1620;7862,1158;7862,1849;7862,11505;7863,1158;7863,1849;7863,11505;8491,1627;8491,8411;9372,770;9372,1437;9372,2033;9372,2388;9398,861;9424,861;11365,1625;11365,8409;11373,741;11375,742
b;384,1617;384,8407;385,1553;385,7019;386,1809;386,42620;387,1809;387,42620;388,707;388,7617;389,707;389,7617;579,1617;579,8407;595,1553;595,7019;7471,1617;7471,8407;7532,1628;7532,8412;7552,1958;7682,756;7682,8419;7683,756;7683,8419;7684,1866;7685,1866;7686,1862;7686,2137;7686,2138;7686,2139;7687,1862;7687,2137;7687,2138;7687,2139;8492,7679;9373,770;9373,1437;9373,2033;9373,2388;9399,861;9425,861
c;199,1625;199,8409;231,1625;231,8409;262,758;262,8421;263,758;263,8421;264,1562;264,8417;265,1562;265,8417;266,756;266,8419;267,756;267,8419;268,1560;268,8415;269,1560;269,8415;390,743;391,1553;391,7019;392,1553;392,7019;571,1617;571,8407;572,1617;572,8407;596,743;597,741;663,706;663,7616;872,7626;7507,743;7575,742;7581,741;7639,1648;7639,8408;7688,1773;7689,1773;8450,7679;8451,7678;8493,767;9374,770;9374,1437;9374,2033;9374,2388;9400,861;9426,861;42814,755;42814,8418;42815,755;42815,8418
d;208,1809;208,42620;240,1809;240,42620;270,1560;270,8415;271,1560;271,8415;272,1617;272,8407;273,1617;273,8407;394,1553;394,7019;395,1614;395,8403;396,1614;396,8403;397,741;599,1553;599,7019;676,742;873,7626;7533,1628;7533,8412;7553,1958;7569,1865;7582,1809;7582,42620;7640,735;7640,1474;7641,1370;7641,1855;7641,42607;7690,756;7690,8419;7691,756;7691,8419;7692,1866;7693,1866;7694,1862;7694,2137;7694,2138;7694,2139;7695,1862;7695,2137;7695,2138;7695,2139;7696,1625;7696,8409;7697,1625;7697,8409;7698,1844;7699,1844;8517,7679;8518,7679;9375,770;9375,1437;9375,2033;9375,2388;9401,861;9427,861;42873,746;42873,1477;42874,746;42874,1477
e;200,757;200,8420;201,758;201,8421;202,1562;202,8417;203,1561;203,8416;232,757;232,8420;233,758;233,8421;234,1562;234,8417;235,1561;235,8416;274,1630;275,1630;276,1559;276,8414;277,1559;277,8414;278,756;278,8419;279,756;279,8419;280,1626;280,8410;281,1626;281,8410;282,1560;282,8415;283,1560;283,8415;398,740;399,734;477,740;516,4968;517,4968;518,4966;519,4966;552,1625;552,8409;553,1625;553,8409;582,1648;582,8408;583,1648;583,8408;600,722;601,734;602,723;868,7626;7474,740;7498,734;7570,1865;7573,1464;7573,1479;7573,7632;7573,7676;7573,7677;7700,1612;7700,8401;7701,1612;7701,8401;7702,1613;7702,8402;7703,1613;7703,8402;7704,1844;7705,1844;7706,1840;7707,1840;7708,1752;7709,1752;7864,1866;7865,1866;7866,1555;7866,7021;7867,1555;7867,7021;7868,1628;7868,8412;7869,1628;7869,8412;7870,1617;7870,8407;7871,1617;7871,8407;7872,1618;7872,8406;7873,1618;7873,8406;7874,1963;7875,1963;7876,1768;7877,1768;7878,1809;7878,42620;7879,1809;7879,42620;8494,7678;8495,7679;8496,7679;8512,764;8519,767;9376,770;9376,1437;9376,2033;9376,2388;9402,861;9428,861;11384,1370;11384,1855;11384,42607
f;401,1553;401,7019;402,1553;402,7019;7534,1628;7534,8412;7554,1958;7710,756;7710,8419;7711,756;7711,8419;8457,7679;8497,7678;8498,7626;8526,7626;9377,770;9377,1437;9377,2033;9377,2388;9403,861;9429,861;42875,755;42875,8418;42876,755;42876,8418;43003,762;43003,8425
g;284,1562;284,8417;285,1562;285,8417;286,1559;286,8414;287,1559;287,8414;288,756;288,8419;289,756;289,8419;290,1625;290,8409;291,1625;291,8409;403,1553;403,7019;404,742;484,1617;484,8407;485,1617;485,8407;486,1560;486,8415;487,1560;487,8415;500,758;500,8421;501,758;501,8421;608,1553;608,7019;609,740;611,742;612,741;736,742;7543,762;7543,8425;7555,1958;7586,740;7642,7626;7712,1630;7713,1630;8458,7679;8513,762;8513,8425;9378,770;9378,1437;9378,2033;9378,2388;9404,861;9430,861;42878,761;42878,8424;42879,761;42879,8424;42912,1629;42913,1629
h;292,1562;292,8417;293,1562;293,8417;294,1617;294,8407;295,1617;295,8407;542,1560;542,8415;543,1560;543,8415;613,741;614,1553;614,7019;689,1553;689,7019;874,7626;7587,741;7714,756;7714,8419;7715,756;7715,8419;7716,1866;7717,1866;7718,1561;7718,8416;7719,1561;7719,8416;7720,1625;7720,8409;7721,1625;7721,8409;7722,1843;7723,1843;7830,1862;7830,2137;7830,2138;7830,2139;8459,7679;8460,765;8460,766;8461,767;8462,7678;8463,1809;8463,42620;9379,770;9379,1437;9379,2033;9379,2388;9405,861;9431,861;11367,1861;11368,1861
i;204,757;204,8420;205,758;205,8421;206,1562;206,8417;207,1561;207,8416;236,757;236,8420;237,758;237,8421;238,1562;238,8417;239,1561;239,8416;296,1628;296,8412;297,1628;297,8412;298,1630;299,1630;300,1559;300,8414;301,1559;301,8414;302,1626;302,8410;303,1626;303,8410;304,756;304,8419;305,7679;406,742;407,1617;407,8407;463,1560;463,8415;464,1560;464,8415;520,4968;521,4968;522,4966;523,4966;616,1617;616,8407;617,742;869,7626;7433,762;7433,8425;7502,762;7502,8425;7548,2090;7574,1865;7588,1617;7588,8407;7589,742;7724,1840;7725,1840;7726,1618;7726,8406;7727,1618;7727,8406;7880,1555;7880,7021;7881,1555;7881,7021;7882,1866;7883,1866;8464,7678;8465,767;8520,765;8520,766;9380,770;9380,1437;9380,2033;9380,2388;9406,861;9432,861;43006,764
j;308,1562;308,8417;309,1562;309,8417;496,1560;496,8415;567,7679;584,1648;584,8408;585,1648;585,8408;607,1617;607,8407;644,1553;644,7019;669,742;7585,1617;7585,8407;7592,742;8521,7678;9381,770;9381,1437;9381,2033;9381,2388;9407,861;9433,861
k;310,1625;310,8409;311,1625;311,8409;312,7679;408,1553;408,7019;409,1553;409,7019;488,1560;488,8415;489,1560;489,8415;670,742;7556,1958;7644,7626;7728,758;7728,8421;7729,758;7729,8421;7730,1866;7731,1866;7732,1862;7732,2137;7732,2138;7732,2139;7733,1862;7733,2137;7733,2138;7733,2139;9382,770;9382,1437;9382,2033;9382,2388;9408,861;9434,861;11369,1861;11370,1861;42816,741;42817,741;42818,740;42819,740;42820,734;42821,734;42914,1648;42914,8408;42915,1648;42915,8408
l;313,758;313,8421;314,758;314,8421;315,1625;315,8409;316,1625;316,8409;317,1560;317,8415;318,1560;318,8415;319,755;319,8418;320,755;320,8418;321,1618;321,8406;322,1618;322,8406;410,1617;410,8407;411,1616;411,8405;573,1617;573,8407;619,1628;619,8412;620,742;621,1865;622,741;7557,1958;7593,1865;7594,1958;7645,7626;7734,1866;7735,1866;7736,1156;7736,1845;7737,1156;7737,1845;7738,1862;7738,2137;7738,2138;7738,2139;7739,1862;7739,2137;7739,2138;7739,2139;7740,1844;7741,1844;8466,7679;8467,7679;8514,760;8514,8423;8515,759;8515,8422;9383,770;9383,1437;9383,2033;9383,2388;9409,861;9435,861;11360,1626;11360,8410;11361,1626;11361,8410;11362,1628;11362,8412;42822,1155;42822,1842;42823,1155;42823,1842
m;412,742;623,742;624,741;625,1553;625,7019;875,7626;7455,821;7455,822;7455,1449;7455,3981;7514,742;7535,1628;7535,8412;7558,1958;7596,1553;7596,7019;7597,741;7742,758;7742,8421;7743,758;7743,8421;7744,756;7744,8419;7745,756;7745,8419;7746,1866;7747,1866;8499,7679;9384,770;9384,1437;9384,2033;9384,2388;9410,861;9436,861;11374,1553;11374,7019;42867,1865;43005,740
n;209,1628;209,8412;241,1628;241,8412;323,758;323,8421;324,758;324,8421;325,1625;325,8409;326,1625;326,8409;327,1560;327,8415;328,1560;328,8415;329,4964;413,1553;413,7019;414,4961;504,757;504,8420;505,757;505,8420;544,4961;626,1553;626,7019;627,1865;7483,762;7483,8425;7536,1627;7536,8411;7559,1958;7598,1553;7598,7019;7599,1865;7648,7626;7748,756;7748,8419;7749,756;7749,8419;7750,1866;7751,1866;7752,1862;7752,2137;7752,2138;7752,2139;7753,1862;7753,2137;7753,2138;7753,2139;7754,1844;7755,1844;8469,7679;9385,770;9385,1437;9385,2033;9385,2388;9411,861;9437,861;42916,1648;42916,8408;42917,1648;42917,8408
o;210,757;210,8420;211,758;211,8421;212,1562;212,8417;213,1628;213,8412;214,1561;214,8416;216,1615;216,8404;242,757;242,8420;243,758;243,8421;244,1562;244,8417;245,1628;245,8412;246,1561;246,8416;248,1615;248,8404;332,1630;333,1630;334,1559;334,8414;335,1559;335,8414;336,1648;336,8408;337,1648;337,8408;415,1616;415,8405;416,1964;417,1964;418,741;419,741;465,1560;465,8415;466,1560;466,8415;490,1626;490,8410;491,1626;491,8410;492,1763;493,1763;510,1631;511,1631;524,4968;525,4968;526,4966;527,4966;554,1773;555,1773;556,1621;557,1621;558,756;558,8419;559,756;559,8419;560,1611;560,8400;561,1611;561,8400;629,1616;629,8405;631,734;870,7626;7441,762;7441,8425;7442,760;7442,8423;7443,759;7443,8422;7446,821;7446,822;7446,1449;7446,3981;7447,779;7447,1448;7447,3979;7508,821;7508,822;7508,1449;7508,3981;7509,779;7509,1448;7509,3979;7601,1616;7601,8405;7756,1611;7756,8400;7757,1611;7757,8400;7758,1619;7759,1619;7760,1612;7760,8401;7761,1612;7761,8401;7762,1613;7762,8402;7763,1613;7763,8402;7884,1866;7885,1866;7886,1555;7886,7021;7887,1555;7887,7021;7888,1617;7888,8407;7889,1617;7889,8407;7890,1618;7890,8406;7891,1618;7891,8406;7892,1963;7893,1963;7894,1768;7895,1768;7896,1809;7896,42620;7897,1809;7897,42620;7898,1851;7899,1851;7900,1850;7901,1850;7902,2093;7903,2093;7904,1859;7904,42621;7905,1859;7905,42621;7906,811;7906,841;7907,811;7907,841;8500,7679;9386,770;9386,1437;9386,2033;9386,2388;9412,861;9438,861;11386,1159;11386,1369;11386,1852;42826,1158;42826,1849;42826,11505;42827,1158;42827,1849;42827,11505;42828,1370;42828,1855;42828,42607;42829,1370;42829,1855;42829,42607
p;420,1553;420,7019;421,1553;421,7019;632,742;7537,1628;7537,8412;7549,1626;7549,8410;7560,1958;7602,742;7764,758;7764,8421;7765,758;7765,8421;7766,756;7766,8419;7767,756;7767,8419;8472,7679;8473,7626;9387,770;9387,1437;9387,2033;9387,2388;9413,861;9439,861;11363,1626;11363,8410;11383,744;42834,1866;42835,1866;42836,1865;42837,1865;43004,1854
q;586,4967;587,4967;672,1553;672,7019;8474,7626;8506,764;9388,770;9388,1437;9388,2033;9388,2388;9414,861;9440,861;42838,1436;42838,2032;42838,3897;42839,1436;42839,2032;42839,3897;42840,775;42840,1435;42840,2031;42840,2387;42840,2672;42840,3158;42841,775;42841,1435;42841,2031;42841,2387;42841,2672;42841,3158
r;340,758;340,8421;341,758;341,8421;342,1625;342,8409;343,1625;343,8409;344,1560;344,8415;345,1560;345,8415;528,4968;529,4968;530,4966;531,4966;588,1648;588,8408;589,1648;589,8408;633,742;634,741;635,740;636,734;637,1553;637,7019;638,723;639,722;692,742;693,740;876,7626;7538,1628;7538,8412;7539,1618;7539,8406;7561,1958;7651,718;7651,8427;7768,756;7768,8419;7769,756;7769,8419;7770,1866;7771,1866;7772,1156;7772,1845;7773,1156;7773,1845;7774,1862;7774,2137;7774,2138;7774,2139;7775,1862;7775,2137;7775,2138;7775,2139;8475,7678;8476,767;8477,7679;9389,770;9389,1437;9389,2033;9389,2388;9415,861;9441,861;11364,1553;11364,7019;11385,709;11385,7619;42842,719;42843,719;42844,707;42844,7617;42845,707;42845,7617;42869,708;42869,7618
s;346,758;346,8421;347,758;347,8421;348,1562;348,8417;349,1562;349,8417;350,1625;350,8409;351,1625;351,8409;352,1560;352,8415;353,1560;353,8415;423,707;423,7617;424,707;424,7617;425,741;426,805;426,852;426,2079;536,1853;537,1853;575,1851;642,1553;642,7019;643,741;645,717;645,817;646,830;646,2088;7540,1628;7540,8412;7562,1958;7563,840;7576,2072;7576,5868;7603,1553;7603,7019;7604,741;7652,7626;7776,756;7776,8419;7777,756;7777,8419;7778,1866;7779,1866;7780,1625;7780,8409;7781,1625;7781,8409;7782,1614;7782,8403;7783,1614;7783,8403;7784,1860;7785,1860;9390,770;9390,1437;9390,2033;9390,2388;9416,861;9442,861;11390,1851
t;354,1625;354,8409;355,1625;355,8409;356,1560;356,8415;357,1560;357,8415;428,1553;428,7019;429,1553;429,7019;430,1865;538,1853;539,1853;566,751;574,1861;647,742;648,1865;679,741;680,740;877,7626;7541,1628;7541,8412;7615,840;7786,756;7786,8419;7787,756;7787,8419;7788,1866;7789,1866;7790,1862;7790,2137;7790,2138;7790,2139;7791,1862;7791,2137;7791,2138;7791,2139;7792,1844;7793,1844;7831,1561;7831,8416;9391,770;9391,1437;9391,2033;9391,2388;9417,861;9443,861;11366,1861;42792,734;42793,734;42871,723;42886,1155;42886,1842;42887,1155;42887,1842
u;217,757;217,8420;218,758;218,8421;219,1562;219,8417;220,1561;220,8416;249,757;249,8420;250,758;250,8421;251,1562;251,8417;252,1561;252,8416;360,1628;360,8412;361,1628;361,8412;362,1630;363,1630;364,1559;364,8414;365,1559;365,8414;366,1627;366,8411;367,1627;367,8411;368,1648;368,8408;369,1648;369,8408;370,1626;370,8410;371,1626;371,8410;431,1964;432,1964;433,742;467,1560;467,8415;468,1560;468,8415;469,1773;470,1773;471,1618;471,8406;472,1618;472,8406;473,1611;473,8400;474,1611;474,8400;475,1616;475,8405;476,1616;476,8405;532,4968;533,4968;534,4966;535,4966;580,1617;580,8407;649,1617;649,8407;650,742;871,7626;7551,2090;7606,1617;7606,8407;7607,742;7794,1865;7795,1865;7796,1840;7797,1840;7798,1844;7799,1844;7800,1611;7800,8400;7801,1611;7801,8400;7802,1773;7803,1773;7908,1866;7909,1866;7910,1555;7910,7021;7911,1555;7911,7021;7912,1851;7913,1851;7914,1850;7915,1850;7916,2093;7917,2093;7918,1859;7918,42621;7919,1859;7919,42621;7920,811;7920,841;7921,811;7921,841;9392,770;9392,1437;9392,2033;9392,2388;9418,861;9444,861
v;434,742;581,741;651,742;652,741;878,7626;7564,1958;7609,742;7610,741;7804,1628;7804,8412;7805,1628;7805,8412;7806,1866;7807,1866;7932,723;7933,723;9393,770;9393,1437;9393,2033;9393,2388;9419,861;9445,861;11377,734;11380,1859;11380,42621;42846,740;42847,740
w;372,1562;372,8417;373,1562;373,8417;447,742;503,742;653,741;7808,757;7808,8420;7809,757;7809,8420;7810,758;7810,8421;7811,758;7811,8421;7812,1561;7812,8416;7813,1561;7813,8416;7814,756;7814,8419;7815,756;7815,8419;7816,1866;7817,1866;7832,1627;7832,8411;9394,770;9394,1437;9394,2033;9394,2388;9420,861;9446,861;11378,1865;11379,1865
x;879,7626;7565,1958;7818,756;7818,8419;7819,756;7819,8419;7820,1561;7820,8416;7821,1561;7821,8416;9395,770;9395,1437;9395,2033;9395,2388;9421,861;9447,861
y;221,758;221,8421;253,758;253,8421;255,1561;255,8416;374,1562;374,8417;375,1562;375,8417;376,1561;376,8416;435,1553;435,7019;436,1553;436,7019;562,1630;563,1630;590,1648;590,8408;591,1648;591,8408;654,742;7822,756;7822,8419;7823,756;7823,8419;7833,1627;7833,8411;7922,757;7922,8420;7923,757;7923,8420;7924,1866;7925,1866;7926,1555;7926,7021;7927,1555;7927,7021;7928,1628;7928,8412;7929,1628;7929,8412;7934,1865;7935,1865;8516,759;8516,8422;9396,770;9396,1437;9396,2033;9396,2388;9422,861;9448,861
z;377,758;377,8421;378,758;378,8421;379,756;379,8419;380,756;380,8419;381,1560;381,8415;382,1560;382,8415;437,1617;437,8407;438,1617;438,8407;548,1553;548,7019;549,1553;549,7019;576,1851;656,1865;657,734;7542,1628;7542,8412;7566,1958;7612,1865;7613,734;7654,7626;7824,1562;7824,8417;7825,1562;7825,8417;7826,1866;7827,1866;7828,1862;7828,2137;7828,2138;7828,2139;7829,1862;7829,2137;7829,2138;7829,2139;8484,7679;8485,1840;8488,7678;9397,770;9397,1437;9397,2033;9397,2388;9423,861;9449,861;11371,1861;11372,1861;11391,1851;42850,723;42851,723