97,65
97,192
97,193
97,194
97,195
97,196
97,197
97,224
97,225
97,226
97,227
97,228
97,229
97,256
97,257
97,258
97,259
97,260
97,261
97,461
97,462
97,478
97,479
97,480
97,481
97,506
97,507
97,512
97,513
97,514
97,515
97,550
97,551
97,570
97,592
97,593
97,594
97,867
97,7468
97,7491
97,7492
97,7568
97,7579
97,7635
97,7680
97,7681
97,7834
97,7840
97,7841
97,7842
97,7843
97,7844
97,7845
97,7846
97,7847
97,7848
97,7849
97,7850
97,7851
97,7852
97,7853
97,7854
97,7855
97,7856
97,7857
97,7858
97,7859
97,7860
97,7861
97,7862
97,7863
97,8491
97,9372
97,9398
97,9424
97,11365
97,11373
97,11375
98,66
98,384
98,385
98,386
98,387
98,388
98,389
98,579
98,595
98,7470
98,7471
98,7495
98,7532
98,7552
98,7682
98,7683
98,7684
98,7685
98,7686
98,7687
98,8492
98,9373
98,9399
98,9425
99,67
99,199
99,231
99,262
99,263
99,264
99,265
99,266
99,267
99,268
99,269
99,390
99,391
99,392
99,571
99,572
99,596
99,597
99,663
99,872
99,7507
99,7575
99,7580
99,7581
99,7639
99,7688
99,7689
99,8450
99,8451
99,8493
99,9374
99,9400
99,9426
99,42814
99,42815
100,68
100,208
100,240
100,270
100,271
100,272
100,273
100,394
100,395
100,396
100,397
100,599
100,676
100,873
100,7472
100,7496
100,7533
100,7553
100,7569
100,7582
100,7640
100,7641
100,7690
100,7691
100,7692
100,7693
100,7694
100,7695
100,7696
100,7697
100,7698
100,7699
100,8517
100,8518
100,9375
100,9401
100,9427
100,42873
100,42874
101,69
101,200
101,201
101,202
101,203
101,232
101,233
101,234
101,235
101,274
101,275
101,276
101,277
101,278
101,279
101,280
101,281
101,282
101,283
101,398
101,399
101,477
101,516
101,517
101,518
101,519
101,552
101,553
101,582
101,583
101,600
101,601
101,602
101,868
101,7473
101,7474
101,7497
101,7498
101,7570
101,7573
101,7700
101,7701
101,7702
101,7703
101,7704
101,7705
101,7706
101,7707
101,7708
101,7709
101,7864
101,7865
101,7866
101,7867
101,7868
101,7869
101,7870
101,7871
101,7872
101,7873
101,7874
101,7875
101,7876
101,7877
101,7878
101,7879
101,8494
101,8495
101,8496
101,8512
101,8519
101,9376
101,9402
101,9428
101,11384
102,70
102,401
102,402
102,7534
102,7554
102,7584
102,7710
102,7711
102,8457
102,8497
102,8498
102,8526
102,9377
102,9403
102,9429
102,42875
102,42876
102,43003
103,71
103,284
103,285
103,286
103,287
103,288
103,289
103,290
103,291
103,403
103,404
103,484
103,485
103,486
103,487
103,500
103,501
103,608
103,609
103,611
103,612
103,736
103,7475
103,7501
103,7543
103,7555
103,7586
103,7642
103,7712
103,7713
103,8458
103,8513
103,9378
103,9404
103,9430
103,42878
103,42879
103,42912
103,42913
104,72
104,292
104,293
104,294
104,295
104,542
104,543
104,613
104,614
104,688
104,689
104,874
104,7476
104,7587
104,7714
104,7715
104,7716
104,7717
104,7718
104,7719
104,7720
104,7721
104,7722
104,7723
104,7830
104,8459
104,8460
104,8461
104,8462
104,8463
104,9379
104,9405
104,9431
104,11367
104,11368
105,73
105,204
105,205
105,206
105,207
105,236
105,237
105,238
105,239
105,296
105,297
105,298
105,299
105,300
105,301
105,302
105,303
105,304
105,305
105,406
105,407
105,463
105,464
105,520
105,521
105,522
105,523
105,616
105,617
105,869
105,7433
105,7477
105,7502
105,7548
105,7574
105,7588
105,7589
105,7724
105,7725
105,7726
105,7727
105,7880
105,7881
105,7882
105,7883
105,8464
105,8465
105,8520
105,9380
105,9406
105,9432
105,43006
106,74
106,308
106,309
106,496
106,567
106,584
106,585
106,607
106,644
106,669
106,690
106,7478
106,7585
106,7592
106,8521
106,9381
106,9407
106,9433
107,75
107,310
107,311
107,312
107,408
107,409
107,488
107,489
107,670
107,7479
107,7503
107,7556
107,7644
107,7728
107,7729
107,7730
107,7731
107,7732
107,7733
107,8490
107,9382
107,9408
107,9434
107,11369
107,11370
107,42816
107,42817
107,42818
107,42819
107,42820
107,42821
107,42914
107,42915
108,76
108,313
108,314
108,315
108,316
108,317
108,318
108,319
108,320
108,321
108,322
108,410
108,411
108,573
108,619
108,620
108,621
108,622
108,737
108,7480
108,7557
108,7593
108,7594
108,7645
108,7734
108,7735
108,7736
108,7737
108,7738
108,7739
108,7740
108,7741
108,8466
108,8467
108,8514
108,8515
108,9383
108,9409
108,9435
108,11360
108,11361
108,11362
108,42822
108,42823
109,77
109,412
109,623
109,624
109,625
109,875
109,7455
109,7481
109,7504
109,7514
109,7535
109,7558
109,7596
109,7597
109,7742
109,7743
109,7744
109,7745
109,7746
109,7747
109,8499
109,9384
109,9410
109,9436
109,11374
109,42867
109,43005
110,78
110,209
110,241
110,323
110,324
110,325
110,326
110,327
110,328
110,329
110,413
110,414
110,504
110,505
110,544
110,626
110,627
110,7482
110,7483
110,7536
110,7559
110,7598
110,7599
110,7648
110,7748
110,7749
110,7750
110,7751
110,7752
110,7753
110,7754
110,7755
110,8469
110,9385
110,9411
110,9437
110,42916
110,42917
111,79
111,210
111,211
111,212
111,213
111,214
111,216
111,242
111,243
111,244
111,245
111,246
111,248
111,332
111,333
111,334
111,335
111,336
111,337
111,415
111,416
111,417
111,418
111,419
111,465
111,466
111,490
111,491
111,492
111,493
111,510
111,511
111,524
111,525
111,526
111,527
111,554
111,555
111,556
111,557
111,558
111,559
111,560
111,561
111,629
111,631
111,870
111,7441
111,7442
111,7443
111,7446
111,7447
111,7484
111,7506
111,7508
111,7509
111,7601
111,7756
111,7757
111,7758
111,7759
111,7760
111,7761
111,7762
111,7763
111,7884
111,7885
111,7886
111,7887
111,7888
111,7889
111,7890
111,7891
111,7892
111,7893
111,7894
111,7895
111,7896
111,7897
111,7898
111,7899
111,7900
111,7901
111,7902
111,7903
111,7904
111,7905
111,7906
111,7907
111,8500
111,9386
111,9412
111,9438
111,11386
111,42826
111,42827
111,42828
111,42829
112,80
112,420
112,421
112,632
112,7486
112,7510
112,7537
112,7549
112,7560
112,7602
112,7764
112,7765
112,7766
112,7767
112,8472
112,8473
112,9387
112,9413
112,9439
112,11363
112,11383
112,42834
112,42835
112,42836
112,42837
112,43004
113,81
113,586
113,587
113,672
113,8474
113,8506
113,9388
113,9414
113,9440
113,42838
113,42839
113,42840
113,42841
114,82
114,340
114,341
114,342
114,343
114,344
114,345
114,528
114,529
114,530
114,531
114,588
114,589
114,633
114,634
114,635
114,636
114,637
114,638
114,639
114,691
114,692
114,693
114,876
114,7487
114,7538
114,7539
114,7561
114,7651
114,7768
114,7769
114,7770
114,7771
114,7772
114,7773
114,7774
114,7775
114,8475
114,8476
114,8477
114,9389
114,9415
114,9441
114,11364
114,11385
114,42842
114,42843
114,42844
114,42845
114,42869
115,83
115,346
115,347
115,348
115,349
115,350
115,351
115,352
115,353
115,423
115,424
115,425
115,426
115,536
115,537
115,575
115,642
115,643
115,645
115,646
115,738
115,7540
115,7562
115,7563
115,7576
115,7603
115,7604
115,7652
115,7776
115,7777
115,7778
115,7779
115,7780
115,7781
115,7782
115,7783
115,7784
115,7785
115,9390
115,9416
115,9442
115,11390
116,84
116,354
116,355
116,356
116,357
116,428
116,429
116,430
116,538
116,539
116,566
116,574
116,647
116,648
116,679
116,680
116,877
116,7488
116,7511
116,7541
116,7615
116,7786
116,7787
116,7788
116,7789
116,7790
116,7791
116,7792
116,7793
116,7831
116,9391
116,9417
116,9443
116,11366
116,42792
116,42793
116,42871
116,42886
116,42887
117,85
117,217
117,218
117,219
117,220
117,249
117,250
117,251
117,252
117,360
117,361
117,362
117,363
117,364
117,365
117,366
117,367
117,368
117,369
117,370
117,371
117,431
117,432
117,433
117,467
117,468
117,469
117,470
117,471
117,472
117,473
117,474
117,475
117,476
117,532
117,533
117,534
117,535
117,580
117,649
117,650
117,871
117,7489
117,7512
117,7551
117,7606
117,7607
117,7794
117,7795
117,7796
117,7797
117,7798
117,7799
117,7800
117,7801
117,7802
117,7803
117,7908
117,7909
117,7910
117,7911
117,7912
117,7913
117,7914
117,7915
117,7916
117,7917
117,7918
117,7919
117,7920
117,7921
117,9392
117,9418
117,9444
118,86
118,434
118,581
118,651
118,652
118,878
118,7515
118,7564
118,7609
118,7610
118,7804
118,7805
118,7806
118,7807
118,7932
118,7933
118,9393
118,9419
118,9445
118,11377
118,11380
118,11389
118,42846
118,42847
119,87
119,372
119,373
119,447
119,503
119,653
119,695
119,7490
119,7808
119,7809
119,7810
119,7811
119,7812
119,7813
119,7814
119,7815
119,7816
119,7817
119,7832
119,9394
119,9420
119,9446
119,11378
119,11379
120,88
120,739
120,879
120,7565
120,7818
120,7819
120,7820
120,7821
120,9395
120,9421
120,9447
121,89
121,221
121,253
121,255
121,374
121,375
121,376
121,435
121,436
121,562
121,563
121,590
121,591
121,654
121,696
121,7822
121,7823
121,7833
121,7922
121,7923
121,7924
121,7925
121,7926
121,7927
121,7928
121,7929
121,7934
121,7935
121,8516
121,9396
121,9422
121,9448
122,90
122,377
122,378
122,379
122,380
122,381
122,382
122,437
122,438
122,548
122,549
122,576
122,656
122,657
122,7542
122,7566
122,7611
122,7612
122,7613
122,7654
122,7824
122,7825
122,7826
122,7827
122,7828
122,7829
122,8484
122,8485
122,8488
122,9397
122,9423
122,9449
122,11371
122,11372
122,11391
122,42850
122,42851