192,193,194,195,196,197,224,225,226,227,228,229,256,257,258,259,260,261,461,462,478,479,480,481,506,507,512,513,514,515,550,551,570,592,593,594,867,7468,7491,7492,7568,7579,7635,7680,7681,7834,7840,7841,7842,7843,7844,7845,7846,7847,7848,7849,7850,7851,7852,7853,7854,7855,7856,7857,7858,7859,7860,7861,7862,7863,8491,9372,9398,9424,11365,11373,11375
384,385,386,387,388,389,579,595,7470,7471,7495,7532,7552,7682,7683,7684,7685,7686,7687,8492,9373,9399,9425
199,231,262,263,264,265,266,267,268,269,390,391,392,571,572,596,597,663,872,7507,7575,7580,7581,7639,7688,7689,8450,8451,8493,9374,9400,9426,42814,42815
208,240,270,271,272,273,394,395,396,397,599,676,873,7472,7496,7533,7553,7569,7582,7640,7641,7690,7691,7692,7693,7694,7695,7696,7697,7698,7699,8517,8518,9375,9401,9427,42873,42874
200,201,202,203,232,233,234,235,274,275,276,277,278,279,280,281,282,283,398,399,477,516,517,518,519,552,553,582,583,600,601,602,868,7473,7474,7497,7498,7570,7573,7700,7701,7702,7703,7704,7705,7706,7707,7708,7709,7864,7865,7866,7867,7868,7869,7870,7871,7872,7873,7874,7875,7876,7877,7878,7879,8494,8495,8496,8512,8519,9376,9402,9428,11384
401,402,7534,7554,7584,7710,7711,8457,8497,8498,8526,9377,9403,9429,42875,42876,43003
284,285,286,287,288,289,290,291,403,404,484,485,486,487,500,501,608,609,611,612,736,7475,7501,7543,7555,7586,7642,7712,7713,8458,8513,9378,9404,9430,42878,42879,42912,42913
292,293,294,295,542,543,613,614,688,689,874,7476,7587,7714,7715,7716,7717,7718,7719,7720,7721,7722,7723,7830,8459,8460,8461,8462,8463,9379,9405,9431,11367,11368
204,205,206,207,236,237,238,239,296,297,298,299,300,301,302,303,304,305,406,407,463,464,520,521,522,523,616,617,869,7433,7477,7502,7548,7574,7588,7589,7724,7725,7726,7727,7880,7881,7882,7883,8464,8465,8520,9380,9406,9432,43006
308,309,496,567,584,585,607,644,669,690,7478,7585,7592,8521,9381,9407,9433
310,311,312,408,409,488,489,670,7479,7503,7556,7644,7728,7729,7730,7731,7732,7733,8490,9382,9408,9434,11369,11370,42816,42817,42818,42819,42820,42821,42914,42915
313,314,315,316,317,318,319,320,321,322,410,411,573,619,620,621,622,737,7480,7557,7593,7594,7645,7734,7735,7736,7737,7738,7739,7740,7741,8466,8467,8514,8515,9383,9409,9435,11360,11361,11362,42822,42823
412,623,624,625,875,7455,7481,7504,7514,7535,7558,7596,7597,7742,7743,7744,7745,7746,7747,8499,9384,9410,9436,11374,42867,43005
209,241,323,324,325,326,327,328,329,413,414,504,505,544,626,627,7482,7483,7536,7559,7598,7599,7648,7748,7749,7750,7751,7752,7753,7754,7755,8469,9385,9411,9437,42916,42917
210,211,212,213,214,216,242,243,244,245,246,248,332,333,334,335,336,337,415,416,417,418,419,465,466,490,491,492,493,510,511,524,525,526,527,554,555,556,557,558,559,560,561,629,631,870,7441,7442,7443,7446,7447,7484,7506,7508,7509,7601,7756,7757,7758,7759,7760,7761,7762,7763,7884,7885,7886,7887,7888,7889,7890,7891,7892,7893,7894,7895,7896,7897,7898,7899,7900,7901,7902,7903,7904,7905,7906,7907,8500,9386,9412,9438,11386,42826,42827,42828,42829
420,421,632,7486,7510,7537,7549,7560,7602,7764,7765,7766,7767,8472,8473,9387,9413,9439,11363,11383,42834,42835,42836,42837,43004
586,587,672,8474,8506,9388,9414,9440,42838,42839,42840,42841
340,341,342,343,344,345,528,529,530,531,588,589,633,634,635,636,637,638,639,691,692,693,876,7487,7538,7539,7561,7651,7768,7769,7770,7771,7772,7773,7774,7775,8475,8476,8477,9389,9415,9441,11364,11385,42842,42843,42844,42845,42869
346,347,348,349,350,351,352,353,423,424,425,426,536,537,575,642,643,645,646,738,7540,7562,7563,7576,7603,7604,7652,7776,7777,7778,7779,7780,7781,7782,7783,7784,7785,9390,9416,9442,11390
354,355,356,357,428,429,430,538,539,566,574,647,648,679,680,877,7488,7511,7541,7615,7786,7787,7788,7789,7790,7791,7792,7793,7831,9391,9417,9443,11366,42792,42793,42871,42886,42887
217,218,219,220,249,250,251,252,360,361,362,363,364,365,366,367,368,369,370,371,431,432,433,467,468,469,470,471,472,473,474,475,476,532,533,534,535,580,649,650,871,7489,7512,7551,7606,7607,7794,7795,7796,7797,7798,7799,7800,7801,7802,7803,7908,7909,7910,7911,7912,7913,7914,7915,7916,7917,7918,7919,7920,7921,9392,9418,9444
434,581,651,652,878,7515,7564,7609,7610,7804,7805,7806,7807,7932,7933,9393,9419,9445,11377,11380,11389,42846,42847
372,373,447,503,653,695,7490,7808,7809,7810,7811,7812,7813,7814,7815,7816,7817,7832,9394,9420,9446,11378,11379
739,879,7565,7818,7819,7820,7821,9395,9421,9447
221,253,255,374,375,376,435,436,562,563,590,591,654,696,7822,7823,7833,7922,7923,7924,7925,7926,7927,7928,7929,7934,7935,8516,9396,9422,9448
377,378,379,380,381,382,437,438,548,549,576,656,657,7542,7566,7611,7612,7613,7654,7824,7825,7826,7827,7828,7829,8484,8485,8488,9397,9423,9449,11371,11372,11391,42850,42851
173,847,888,889,895,896,897,898,899,907,909,930,1316,1317,1320,1321,1322,1323,1324,1325,1326,1327,1328,1367,1368,1376,1416,1419,1420,1421,1422,1423,1424,1480,1481,1482,1483,1484,1485,1486,1487,1515,1516,1517,1518,1519,1525,1526,1527,1528,1529,1530,1531,1532,1533,1534,1535,1540,1541,1564,1565,1600,1806,1867,1868,1970,1971,1972,1973,1974,1975,1976,1977,1978,1979,1980,1981,1982,1983,2043,2044,2045,2046,2047,2094,2095,2111,2140,2141,2143,2144,2145,2146,2147,2148,2149,2150,2151,2152,2153,2154,2155,2156,2157,2158,2159,2160,2161,2162,2163,2164,2165,2166,2167,2168,2169,2170,2171,2172,2173,2174,2175,2176,2177,2178,2179,2180,2181,2182,2183,2184,2185,2186,2187,2188,2189,2190,2191,2192,2193,2194,2195,2196,2197,2198,2199,2200,2201,2202,2203,2204,2205,2206,2207,2208,2209,2210,2211,2212,2213,2214,2215,2216,2217,2218,2219,2220,2221,2222,2223,2224,2225,2226,2227,2228,2229,2230,2231,2232,2233,2234,2235,2236,2237,2238,2239,2240,2241,2242,2243,2244,2245,2246,2247,2248,2249,2250,2251,2252,2253,2254,2255,2256,2257,2258,2259,2260,2261,2262,2263,2264,2265,2266,2267,2268,2269,2270,2271,2272,2273,2274,2275,2276,2277,2278,2279,2280,2281,2282,2283,2284,2285,2286,2287,2288,2289,2290,2291,2292,2293,2294,2295,2296,2297,2298,2299,2300,2301,2302,2303,2304,2424,2432,2436,2445,2446,2449,2450,2473,2481,2483,2484,2485,2490,2491,2501,2502,2505,2506,2511,2512,2513,2514,2515,2516,2517,2518,2520,2521,2522,2523,2526,2532,2533,2555,2556,2557,2558,2559,2560,2564,2571,2572,2573,2574,2577,2578,2601,2609,2612,2615,2618,2619,2621,2627,2628,2629,2630,2633,2634,2638,2639,2640,2642,2643,2644,2645,2646,2647,2648,2653,2655,2656,2657,2658,2659,2660,2661,2678,2679,2680,2681,2682,2683,2684,2685,2686,2687,2688,2692,2702,2706,2729,2737,2740,2746,2747,2758,2762,2766,2767,2769,2770,2771,2772,2773,2774,2775,2776,2777,2778,2779,2780,2781,2782,2783,2788,2789,2800,2802,2803,2804,2805,2806,2807,2808,2809,2810,2811,2812,2813,2814,2815,2816,2820,2829,2830,2833,2834,2857,2865,2868,2874,2875,2885,2886,2889,2890,2894,2895,2896,2897,2898,2899,2900,2901,2904,2905,2906,2907,2910,2916,2917,2936,2937,2938,2939,2940,2941,2942,2943,2944,2945,2948,2955,2956,2957,2961,2966,2967,2968,2971,2973,2976,2977,2978,2981,2982,2983,2987,2988,2989,3002,3003,3004,3005,3011,3012,3013,3017,3022,3023,3025,3026,3027,3028,3029,3030,3032,3033,3034,3035,3036,3037,3038,3039,3040,3041,3042,3043,3044,3045,3067,3068,3069,3070,3071,3072,3076,3085,3089,3113,3124,3130,3131,3132,3141,3145,3150,3151,3152,3153,3154,3155,3156,3159,3162,3163,3164,3165,3166,3167,3172,3173,3184,3185,3186,3187,3188,3189,3190,3191,3200,3201,3204,3213,3217,3241,3252,3258,3259,3269,3273,3278,3279,3280,3281,3282,3283,3284,3287,3288,3289,3290,3291,3292,3293,3295,3300,3301,3312,3315,3316,3317,3318,3319,3320,3321,3322,3323,3324,3325,3326,3327,3328,3329,3332,3341,3345,3387,3388,3397,3401,3407,3408,3409,3410,3411,3412,3413,3414,3416,3417,3418,3419,3420,3421,3422,3423,3428,3429,3446,3447,3448,3456,3457,3460,3479,3480,3481,3506,3516,3518,3519,3527,3528,3529,3531,3532,3533,3534,3541,3543,3552,3553,3554,3555,3556,3557,3558,3559,3560,3561,3562,3563,3564,3565,3566,3567,3568,3569,3573,3574,3575,3576,3577,3578,3579,3580,3581,3582,3583,3584,3643,3644,3645,3646,3676,3677,3678,3679,3680,3681,3682,3683,3684,3685,3686,3687,3688,3689,3690,3691,3692,3693,3694,3695,3696,3697,3698,3699,3700,3701,3702,3703,3704,3705,3706,3707,3708,3709,3710,3711,3712,3715,3717,3718,3721,3723,3724,3726,3727,3728,3729,3730,3731,3736,3744,3748,3750,3752,3753,3756,3770,3774,3775,3781,3783,3788,3790,3791,3802,3803,3806,3807,3808,3809,3810,3811,3812,3813,3814,3815,3816,3817,3818,3819,3820,3821,3822,3823,3824,3825,3826,3827,3828,3829,3830,3831,3832,3833,3834,3835,3836,3837,3838,3839,3912,3949,3950,3951,3952,3992,4029,4045,4059,4060,4061,4062,4063,4064,4065,4066,4067,4068,4069,4070,4071,4072,4073,4074,4075,4076,4077,4078,4079,4080,4081,4082,4083,4084,4085,4086,4087,4088,4089,4090,4091,4092,4093,4094,4095,4294,4295,4296,4297,4298,4299,4300,4301,4302,4303,4349,4350,4351,4681,4686,4687,4695,4697,4702,4703,4745,4750,4751,4785,4790,4791,4799,4801,4806,4807,4823,4881,4886,4887,4955,4956,4989,4990,4991,5018,5019,5020,5021,5022,5023,5109,5110,5111,5112,5113,5114,5115,5116,5117,5118,5119,5789,5790,5791,5873,5874,5875,5876,5877,5878,5879,5880,5881,5882,5883,5884,5885,5886,5887,5901,5909,5910,5911,5912,5913,5914,5915,5916,5917,5918,5919,5943,5944,5945,5946,5947,5948,5949,5950,5951,5972,5973,5974,5975,5976,5977,5978,5979,5980,5981,5982,5983,5997,6001,6004,6005,6006,6007,6008,6009,6010,6011,6012,6013,6014,6015,6110,6111,6122,6123,6124,6125,6126,6127,6138,6139,6140,6141,6142,6143,6150,6155,6156,6157,6159,6170,6171,6172,6173,6174,6175,6264,6265,6266,6267,6268,6269,6270,6271,6315,6316,6317,6318,6319,6390,6391,6392,6393,6394,6395,6396,6397,6398,6399,6429,6430,6431,6444,6445,6446,6447,6460,6461,6462,6463,6465,6466,6467,6510,6511,6517,6518,6519,6520,6521,6522,6523,6524,6525,6526,6527,6572,6573,6574,6575,6602,6603,6604,6605,6606,6607,6619,6620,6621,6684,6685,6751,6781,6782,6794,6795,6796,6797,6798,6799,6810,6811,6812,6813,6814,6815,6830,6831,6832,6833,6834,6835,6836,6837,6838,6839,6840,6841,6842,6843,6844,6845,6846,6847,6848,6849,6850,6851,6852,6853,6854,6855,6856,6857,6858,6859,6860,6861,6862,6863,6864,6865,6866,6867,6868,6869,6870,6871,6872,6873,6874,6875,6876,6877,6878,6879,6880,6881,6882,6883,6884,6885,6886,6887,6888,6889,6890,6891,6892,6893,6894,6895,6896,6897,6898,6899,6900,6901,6902,6903,6904,6905,6906,6907,6908,6909,6910,6911,6988,6989,6990,6991,7037,7038,7039,7083,7084,7085,7098,7099,7100,7101,7102,7103,7156,7157,7158,7159,7160,7161,7162,7163,7224,7225,7226,7242,7243,7244,7296,7297,7298,7299,7300,7301,7302,7303,7304,7305,7306,7307,7308,7309,7310,7311,7312,7313,7314,7315,7316,7317,7318,7319,7320,7321,7322,7323,7324,7325,7326,7327,7328,7329,7330,7331,7332,7333,7334,7335,7336,7337,7338,7339,7340,7341,7342,7343,7344,7345,7346,7347,7348,7349,7350,7351,7352,7353,7354,7355,7356,7357,7358,7359,7360,7361,7362,7363,7364,7365,7366,7367,7368,7369,7370,7371,7372,7373,7374,7375,7411,7412,7413,7414,7415,7416,7417,7418,7419,7420,7421,7422,7423,7655,7656,7657,7658,7659,7660,7661,7662,7663,7664,7665,7666,7667,7668,7669,7670,7671,7672,7673,7674,7675,7958,7959,7966,7967,8006,8007,8014,8015,8024,8026,8028,8030,8062,8063,8117,8133,8148,8149,8156,8176,8177,8181,8191,8204,8205,8206,8207,8234,8235,8236,8237,8238,8288,8289,8290,8291,8292,8293,8294,8295,8296,8297,8298,8299,8300,8301,8302,8303,8306,8307,8335,8349,8350,8351,8374,8375,8376,8379,8380,8381,8382,8383,8384,8385,8386,8387,8388,8389,8390,8391,8392,8393,8394,8395,8396,8397,8398,8399,8433,8434,8435,8436,8437,8438,8439,8440,8441,8442,8443,8444,8445,8446,8447,8586,8587,8588,8589,8590,8591,9204,9205,9206,9207,9208,9209,9210,9211,9212,9213,9214,9215,9255,9256,9257,9258,9259,9260,9261,9262,9263,9264,9265,9266,9267,9268,9269,9270,9271,9272,9273,9274,9275,9276,9277,9278,9279,9291,9292,9293,9294,9295,9296,9297,9298,9299,9300,9301,9302,9303,9304,9305,9306,9307,9308,9309,9310,9311,9917,9918,9919,9984,10133,10134,10135,10160,10175,10187,10189,11085,11086,11087,11098,11099,11100,11101,11102,11103,11104,11105,11106,11107,11108,11109,11110,11111,11112,11113,11114,11115,11116,11117,11118,11119,11120,11121,11122,11123,11124,11125,11126,11127,11128,11129,11130,11131,11132,11133,11134,11135,11136,11137,11138,11139,11140,11141,11142,11143,11144,11145,11146,11147,11148,11149,11150,11151,11152,11153,11154,11155,11156,11157,11158,11159,11160,11161,11162,11163,11164,11165,11166,11167,11168,11169,11170,11171,11172,11173,11174,11175,11176,11177,11178,11179,11180,11181,11182,11183,11184,11185,11186,11187,11188,11189,11190,11191,11192,11193,11194,11195,11196,11197,11198,11199,11200,11201,11202,11203,11204,11205,11206,11207,11208,11209,11210,11211,11212,11213,11214,11215,11216,11217,11218,11219,11220,11221,11222,11223,11224,11225,11226,11227,11228,11229,11230,11231,11232,11233,11234,11235,11236,11237,11238,11239,11240,11241,11242,11243,11244,11245,11246,11247,11248,11249,11250,11251,11252,11253,11254,11255,11256,11257,11258,11259,11260,11261,11262,11263,11311,11359,11506,11507,11508,11509,11510,11511,11512,11558,11559,11560,11561,11562,11563,11564,11565,11566,11567,11622,11623,11624,11625,11626,11627,11628,11629,11630,11633,11634,11635,11636,11637,11638,11639,11640,11641,11642,11643,11644,11645,11646,11671,11672,11673,11674,11675,11676,11677,11678,11679,11687,11695,11703,11711,11719,11727,11735,11743,11826,11827,11828,11829,11830,11831,11832,11833,11834,11835,11836,11837,11838,11839,11840,11841,11842,11843,11844,11845,11846,11847,11848,11849,11850,11851,11852,11853,11854,11855,11856,11857,11858,11859,11860,11861,11862,11863,11864,11865,11866,11867,11868,11869,11870,11871,11872,11873,11874,11875,11876,11877,11878,11879,11880,11881,11882,11883,11884,11885,11886,11887,11888,11889,11890,11891,11892,11893,11894,11895,11896,11897,11898,11899,11900,11901,11902,11903,11930,12020,12021,12022,12023,12024,12025,12026,12027,12028,12029,12030,12031,12246,12247,12248,12249,12250,12251,12252,12253,12254,12255,12256,12257,12258,12259,12260,12261,12262,12263,12264,12265,12266,12267,12268,12269,12270,12271,12284,12285,12286,12287,12352,12439,12440,12544,12545,12546,12547,12548,12590,12591,12592,12687,12688,12689,12731,12732,12733,12734,12735,12772,12773,12774,12775,12776,12777,12778,12779,12780,12781,12782,12783,12831,13055,19894,19895,19896,19897,19898,19899,19900,19901,19902,19903,40908,40909,40910,40911,40912,40913,40914,40915,40916,40917,40918,40919,40920,40921,40922,40923,40924,40925,40926,40927,40928,40929,40930,40931,40932,40933,40934,40935,40936,40937,40938,40939,40940,40941,40942,40943,40944,40945,40946,40947,40948,40949,40950,40951,40952,40953,40954,40955,40956,40957,40958,40959,42125,42126,42127,42183,42184,42185,42186,42187,42188,42189,42190,42191,42540,42541,42542,42543,42544,42545,42546,42547,42548,42549,42550,42551,42552,42553,42554,42555,42556,42557,42558,42559,42592,42593,42612,42613,42614,42615,42616,42617,42618,42619,42648,42649,42650,42651,42652,42653,42654,42655,42744,42745,42746,42747,42748,42749,42750,42751,42895,42898,42899,42900,42901,42902,42903,42904,42905,42906,42907,42908,42909,42910,42911,42922,42923,42924,42925,42926,42927,42928,42929,42930,42931,42932,42933,42934,42935,42936,42937,42938,42939,42940,42941,42942,42943,42944,42945,42946,42947,42948,42949,42950,42951,42952,42953,42954,42955,42956,42957,42958,42959,42960,42961,42962,42963,42964,42965,42966,42967,42968,42969,42970,42971,42972,42973,42974,42975,42976,42977,42978,42979,42980,42981,42982,42983,42984,42985,42986,42987,42988,42989,42990,42991,42992,42993,42994,42995,42996,42997,42998,42999,43000,43001,43052,43053,43054,43055,43062,43063,43064,43065,43066,43067,43068,43069,43070,43071,43128,43129,43130,43131,43132,43133,43134,43135,43205,43206,43207,43208,43209,43210,43211,43212,43213,43226,43227,43228,43229,43230,43231,43232,43233,43234,43235,43236,43237,43238,43239,43240,43241,43242,43243,43244,43245,43246,43247,43248,43249,43256,43257,43258,43260,43261,43262,43263,43348,43349,43350,43351,43352,43353,43354,43355,43356,43357,43358,43389,43390,43391,43470,43482,43483,43484,43485,43488,43489,43490,43491,43492,43493,43494,43495,43496,43497,43498,43499,43500,43501,43502,43503,43504,43505,43506,43507,43508,43509,43510,43511,43512,43513,43514,43515,43516,43517,43518,43519,43575,43576,43577,43578,43579,43580,43581,43582,43583,43598,43599,43610,43611,43644,43645,43646,43647,43715,43716,43717,43718,43719,43720,43721,43722,43723,43724,43725,43726,43727,43728,43729,43730,43731,43732,43733,43734,43735,43736,43737,43738,43744,43745,43746,43747,43748,43749,43750,43751,43752,43753,43754,43755,43756,43757,43758,43759,43760,43761,43762,43763,43764,43765,43766,43767,43768,43769,43770,43771,43772,43773,43774,43775,43776,43783,43784,43791,43792,43799,43800,43801,43802,43803,43804,43805,43806,43807,43815,43823,43824,43825,43826,43827,43828,43829,43830,43831,43832,43833,43834,43835,43836,43837,43838,43839,43840,43841,43842,43843,43844,43845,43846,43847,43848,43849,43850,43851,43852,43853,43854,43855,43856,43857,43858,43859,43860,43861,43862,43863,43864,43865,43866,43867,43868,43869,43870,43871,43872,43873,43874,43875,43876,43877,43878,43879,43880,43881,43882,43883,43884,43885,43886,43887,43888,43889,43890,43891,43892,43893,43894,43895,43896,43897,43898,43899,43900,43901,43902,43903,43904,43905,43906,43907,43908,43909,43910,43911,43912,43913,43914,43915,43916,43917,43918,43919,43920,43921,43922,43923,43924,43925,43926,43927,43928,43929,43930,43931,43932,43933,43934,43935,43936,43937,43938,43939,43940,43941,43942,43943,43944,43945,43946,43947,43948,43949,43950,43951,43952,43953,43954,43955,43956,43957,43958,43959,43960,43961,43962,43963,43964,43965,43966,43967,44014,44015,44026,44027,44028,44029,44030,44031,55204,55205,55206,55207,55208,55209,55210,55211,55212,55213,55214,55215,55239,55240,55241,55242,55292,55293,55294,55295,55424,55425,55426,55427,55428,55429,55430,55431,55432,55433,55434,55435,55436,55437,55438,55439,55440,55441,55442,55443,55444,55445,55446,55447,55448,55449,55450,55451,55452,55453,55454,55455,55456,55457,55458,55459,55460,55461,55462,55463,55464,55465,55466,55467,55468,55469,55470,55471,55472,55473,55474,55475,55476,55477,55478,55479,55480,55481,55482,55483,55484,55485,55486,55487,55488,55489,55490,55491,55492,55493,55494,55495,55496,55497,55498,55499,55500,55501,55502,55503,55504,55505,55506,55507,55508,55509,55510,55511,55512,55513,55514,55515,55516,55517,55518,55519,55520,55521,55522,55523,55524,55525,55526,55527,55528,55529,55530,55531,55532,55533,55534,55535,55536,55537,55538,55539,55540,55541,55542,55543,55544,55545,55546,55547,55548,55549,55550,55551,55552,55553,55554,55555,55556,55557,55558,55559,55560,55561,55562,55563,55564,55565,55566,55567,55568,55569,55570,55571,55572,55573,55574,55575,55576,55577,55578,55579,55580,55581,55582,55583,55584,55585,55586,55587,55588,55589,55590,55591,55592,55593,55594,55595,55596,55597,55598,55599,55600,55601,55602,55603,55604,55605,55606,55607,55608,55609,55610,55611,55612,55613,55614,55615,55616,55617,55618,55619,55620,55621,55622,55623,55624,55625,55626,55627,55628,55629,55630,55631,55632,55633,55634,55635,55636,55637,55638,55639,55640,55641,55642,55643,55644,55645,55646,55647,55648,55649,55650,55651,55652,55653,55654,55655,55656,55657,55658,55659,55660,55661,55662,55663,55664,55665,55666,55667,55668,55669,55670,55671,55672,55673,55674,55675,55676,55677,55678,55679,55680,55681,55682,55683,55684,55685,55686,55687,55688,55689,55690,55691,55692,55693,55694,55695,55696,55697,55698,55699,55700,55701,55702,55703,55704,55705,55706,55707,55708,55709,55710,55711,55712,55713,55714,55715,55716,55717,55718,55719,55720,55721,55722,55723,55724,55725,55726,55727,55728,55729,55730,55731,55732,55733,55734,55735,55736,55737,55738,55739,55740,55741,55742,55743,55744,55745,55746,55747,55748,55749,55750,55751,55752,55753,55754,55755,55756,55757,55758,55759,55760,55761,55762,55763,55764,55765,55766,55767,55768,55769,55770,55771,55772,55773,55774,55775,55776,55777,55778,55779,55780,55781,55782,55783,55784,55785,55786,55787,55788,55789,55790,55791,55792,55793,55794,55795,55796,55797,55798,55799,55800,55801,55802,55803,55804,55805,55806,55807,55808,55809,55810,55811,55812,55813,55814,55815,55816,55817,55818,55819,55820,55821,55822,55823,55824,55825,55826,55827,55828,55829,55830,55831,55832,55833,55834,55835,55836,55837,55838,55839,55840,55841,55842,55843,55844,55845,55846,55847,55848,55849,55850,55851,55852,55853,55854,55855,55856,55857,55858,55859,55860,55861,55862,55863,55864,55865,55866,55867,55868,55869,55870,55871,55872,55873,55874,55875,55876,55877,55878,55879,55880,55881,55882,55883,55884,55885,55886,55887,55888,55889,55890,55891,55892,55893,55894,55895,55896,55897,55898,55899,55900,55901,55902,55903,55904,55905,55906,55907,55908,55909,55910,55911,55912,55913,55914,55915,55916,55917,55918,55919,55920,55921,55922,55923,55924,55925,55926,55927,55928,55929,55930,55931,55932,55933,55934,55935,55936,55937,55938,55939,55940,55941,55942,55943,55944,55945,55946,55947,55948,55949,55950,55951,55952,55953,55954,55955,55956,55957,55958,55959,55960,55961,55962,55963,55964,55965,55966,55967,55968,55969,55970,55971,55972,55973,55974,55975,55976,55977,55978,55979,55980,55981,55982,55983,55984,55985,55986,55987,55988,55989,55990,55991,55992,55993,55994,55995,55996,55997,55998,55999,56000,56001,56002,56003,56004,56005,56006,56007,56008,56009,56010,56011,56012,56013,56014,56015,56016,56017,56018,56019,56020,56021,56022,56023,56024,56025,56026,56027,56028,56029,56030,56031,56032,56033,56034,56035,56036,56037,56038,56039,56040,56041,56042,56043,56044,56045,56046,56047,56048,56049,56050,56051,56052,56053,56054,56055,56056,56057,56058,56059,56060,56061,56062,56063,56064,56065,56066,56067,56068,56069,56070,56071,56072,56073,56074,56075,56076,56077,56078,56079,56080,56081,56082,56083,56084,56085,56086,56087,56088,56089,56090,56091,56092,56093,56094,56095,56096,56097,56098,56099,56100,56101,56102,56103,56104,56105,56106,56107,56108,56109,56110,56111,56112,56113,56114,56115,56116,56117,56118,56119,56120,56121,56122,56123,56124,56125,56126,56127,56128,56129,56130,56131,56132,56133,56134,56135,56136,56137,56138,56139,56140,56141,56142,56143,56144,56145,56146,56147,56148,56149,56150,56151,56152,56153,56154,56155,56156,56157,56158,56159,56160,56161,56162,56163,56164,56165,56166,56167,56168,56169,56170,56171,56172,56173,56174,56175,56176,56177,56178,56179,56180,56181,56182,56183,56184,56185,56186,56187,56188,56189,56190,56191,64046,64047,64110,64111,64218,64219,64220,64221,64222,64223,64224,64225,64226,64227,64228,64229,64230,64231,64232,64233,64234,64235,64236,64237,64238,64239,64240,64241,64242,64243,64244,64245,64246,64247,64248,64249,64250,64251,64252,64253,64254,64255,64263,64264,64265,64266,64267,64268,64269,64270,64271,64272,64273,64274,64280,64281,64282,64283,64284,64311,64317,64319,64322,64325,64434,64435,64436,64437,64438,64439,64440,64441,64442,64443,64444,64445,64446,64447,64448,64449,64450,64451,64452,64453,64454,64455,64456,64457,64458,64459,64460,64461,64462,64463,64464,64465,64466,64832,64833,64834,64835,64836,64837,64838,64839,64840,64841,64842,64843,64844,64845,64846,64847,64912,64913,64968,64969,64970,64971,64972,64973,64974,64975,64976,64977,64978,64979,64980,64981,64982,64983,64984,64985,64986,64987,64988,64989,64990,64991,64992,64993,64994,64995,64996,64997,64998,64999,65000,65001,65002,65003,65004,65005,65006,65007,65022,65023,65024,65025,65026,65027,65028,65029,65030,65031,65032,65033,65034,65035,65036,65037,65038,65039,65050,65051,65052,65053,65054,65055,65063,65064,65065,65066,65067,65068,65069,65070,65071,65107,65127,65132,65133,65134,65135,65141,65277,65278,65279,65280,65471,65472,65473,65480,65481,65488,65489,65496,65497,65501,65502,65503,65511,65519,65520,65521,65522,65523,65524,65525,65526,65527,65528,65529,65530,65531,65532,65533,65534,65535